%%MatrixMarket matrix coordinate real general
40 154 226                                        
1 1 0.4902409583850839
1 2 0.8715869450156275
2 1 0.4902409583850839
2 2 0.8715869450156275
3 3 0.9165625965417578
3 4 0.3998912434908161
4 1 0.7473913532042128
4 2 0.6643840494439761
6 2 0.5295086118189192
6 5 0.8483045620586991
8 6 0.8164965809277261
8 7 0.4082482904638631
8 8 0.4082482904638631
9 4 0.5111717044509949
9 9 0.41134587165958963
9 10 0.5858103576116939
9 11 0.47573552248296175
10 12 0.39309285136992805
10 13 0.3192299873174126
10 14 0.39309285136992805
10 15 0.3192299873174126
10 16 0.27602298165082634
10 17 0.39309285136992805
10 18 0.3192299873174126
10 19 0.39309285136992805
11 20 0.31688707258280635
11 21 0.45128866509174526
11 22 0.36649070145046897
11 23 0.31688707258280635
11 24 0.45128866509174526
11 25 0.45128866509174526
11 26 0.23208910894153004
12 27 0.23178194722847273
12 28 0.2854112400208863
12 29 0.23178194722847273
12 30 0.23178194722847273
12 31 0.46356389445694546
12 32 0.5708224800417726
12 33 0.2854112400208863
12 34 0.2854112400208863
12 35 0.23178194722847273
13 4 0.4090983871826366
13 9 0.3292062749265628
13 36 0.46883282154910966
13 37 0.46883282154910966
13 38 0.26428362795779137
13 39 0.26428362795779137
13 40 0.38073827889651257
14 16 0.31688707258280635
14 26 0.23208910894153004
14 41 0.31688707258280635
14 42 0.45128866509174526
14 43 0.45128866509174526
14 44 0.36649070145046897
14 45 0.45128866509174526
15 15 0.24925437232371647
15 46 0.3069264036142353
15 47 0.49850874464743294
15 48 0.3069264036142353
15 49 0.3069264036142353
15 50 0.6138528072284706
15 51 0.17301609387155653
16 38 0.20870779815512297
16 39 0.20870779815512297
16 52 0.3702426315412766
16 53 0.3702426315412766
16 54 0.3702426315412766
16 55 0.3702426315412766
16 56 0.30067336548956897
16 57 0.3702426315412766
16 58 0.3702426315412766
17 38 0.24497287087670314
17 39 0.24497287087670314
17 56 0.3529183777090792
17 59 0.4345760013346469
17 60 0.4345760013346469
17 61 0.4345760013346469
17 62 0.4345760013346469
18 41 0.27556583541208457
18 63 0.3924418152953038
18 64 0.3924418152953038
18 65 0.3924418152953038
18 66 0.3924418152953038
18 67 0.3924418152953038
18 68 0.3924418152953038
19 69 0.5489034024771257
19 70 0.4457634515626361
19 71 0.4457634515626361
19 72 0.5489034024771257
20 4 0.40808012215081374
20 9 0.32838686510115883
20 39 0.2636258136391234
20 73 0.46766587471453036
20 74 0.46766587471453036
20 75 0.46766587471453036
21 51 0.20398459724028054
21 76 0.36186378632577737
21 77 0.36186378632577737
21 78 0.36186378632577737
21 79 0.2938689205790172
21 80 0.2938689205790172
21 81 0.36186378632577737
21 82 0.36186378632577737
21 83 0.36186378632577737
22 80 0.6012442911609959
22 84 0.3701795604611665
22 85 0.3701795604611665
22 86 0.3701795604611665
22 87 0.30062214558049793
22 88 0.3701795604611665
23 16 0.29552491833001066
23 41 0.29552491833001066
23 44 0.34178464186656343
23 89 0.4208661615870971
23 90 0.4208661615870971
23 91 0.4208661615870971
23 92 0.4208661615870971
24 4 0.16357330216047875
24 26 0.19281152638755636
24 93 0.37491486246200106
24 94 0.37491486246200106
24 95 0.37491486246200106
24 96 0.30446767569482697
24 97 0.37491486246200106
24 98 0.37491486246200106
24 99 0.37491486246200106
25 4 0.3880018839464384
25 39 0.25065497385606633
25 40 0.36110425787726347
25 100 0.4446559158292856
25 101 0.36110425787726347
25 102 0.4446559158292856
25 103 0.36110425787726347
26 23 0.32265745300564963
26 26 0.2363153540820332
26 104 0.37316434310952173
26 105 0.4595064420331382
26 106 0.4595064420331382
26 107 0.37316434310952173
26 108 0.37316434310952173
27 23 0.23419948762389953
27 26 0.17152845634935168
27 38 0.18801309382364348
27 104 0.27085969080103284
27 107 0.27085969080103284
27 108 0.27085969080103284
27 109 0.8125790724030985
28 110 0.2707848966857199
28 111 0.2707848966857199
28 112 0.5415697933714398
28 113 0.2707848966857199
28 114 0.43980784098961195
28 115 0.5415697933714398
29 29 0.294675249722472
29 35 0.294675249722472
29 116 0.36285668246566344
29 117 0.589350499444944
29 118 0.294675249722472
29 119 0.294675249722472
29 120 0.294675249722472
29 121 0.294675249722472
30 114 0.5231723205963855
30 122 0.32211149865531097
30 123 0.32211149865531097
30 124 0.32211149865531097
30 125 0.6442229973106219
31 51 0.26178480811644056
31 96 0.37713837233771397
31 117 0.37713837233771397
31 126 0.46439997504319414
31 127 0.46439997504319414
31 128 0.46439997504319414
32 129 0.7559289460184545
32 130 0.37796447300922725
32 131 0.37796447300922725
32 132 0.37796447300922725
33 11 0.2663330353601019
33 109 0.5326660707202038
33 133 0.3279566971871372
33 134 0.6559133943742744
33 135 0.3279566971871372
34 70 0.4071442344727768
34 71 0.4071442344727768
34 87 0.4071442344727768
34 136 0.5013485399433859
34 137 0.5013485399433859
35 27 0.35287696045690564
35 47 0.35287696045690564
35 51 0.24494412172729746
35 79 0.35287696045690564
35 138 0.43452500103267144
35 139 0.43452500103267144
35 140 0.43452500103267144
36 26 0.1916774854250099
36 30 0.3026769175255502
36 31 0.6053538350511004
36 51 0.21009853302529677
36 101 0.3026769175255502
36 103 0.3026769175255502
36 141 0.3727097618673158
36 142 0.3727097618673158
37 18 0.3162575715100578
37 38 0.21952533538272578
37 118 0.6325151430201156
37 119 0.3162575715100578
37 120 0.3162575715100578
37 121 0.3162575715100578
37 143 0.38943268330429975
38 4 0.16670131731221294
38 144 0.38208436601118617
38 145 0.38208436601118617
38 146 0.31029001644486176
38 147 0.38208436601118617
38 148 0.38208436601118617
38 149 0.38208436601118617
38 150 0.38208436601118617
39 4 0.1863485531025547
39 20 0.5998274735554916
39 22 0.34686046000688503
39 146 0.34686046000688503
39 151 0.4271164134590502
39 152 0.4271164134590502
40 13 0.37734291222946703
40 20 0.6525409258298858
40 153 0.464651841009621
40 154 0.464651841009621
