%%MatrixMarket matrix coordinate real general
40 37 920                                         
1 1 0.9869753223456317
1 26 -0.1220000694936822
1 37 0.10486036488717926
2 1 0.9869753223456317
2 26 -0.1220000694936822
2 37 0.10486036488717926
3 2 -0.41711751306042344
3 3 -0.125516031036276
3 4 -0.05083153506696043
3 5 -0.006937770642635258
3 6 0.0010121326722150304
3 7 -0.0015164051809527976
3 8 -0.016306923459661206
3 9 0.040439991449882154
3 10 0.22363006993505977
3 12 -0.003812395242399182
3 13 0.0007828507753091041
3 14 -0.0910929108946509
3 15 -0.07669141843960607
3 18 -0.04199800190534869
3 19 -0.018144331990064065
3 20 0.5621308745086078
3 21 0.6241002894813856
3 22 0.14075230037243847
3 23 0.05440687226513094
3 24 0.040607897033725415
3 27 -0.023324669092900218
3 28 -0.013510770694835746
3 29 0.010030267003074226
3 30 -0.05333624909366856
3 31 -0.038567126978971855
3 32 0.008019897678071111
3 33 0.05725534944290086
3 34 0.02408887749224378
3 35 0.012090244427238366
3 36 -0.01682501683448715
4 1 0.9496458084313191
4 26 -0.240141812388905
4 37 -0.20125791530123222
6 1 0.5718933762985301
6 26 0.8198587373547479
6 37 -0.027741970531042548
8 16 0.7657478467479026
8 17 -0.6431409139535056
9 2 -0.6313364750812349
9 3 -0.14901070274285685
9 4 -0.0400649786168934
9 5 -0.10296261595396283
9 6 -0.03046488776165797
9 7 0.013981378189242187
9 8 -0.01987618658845425
9 9 0.08955784391113275
9 10 0.2452023455014244
9 12 -0.09387747608030703
9 13 -0.10280492409117378
9 14 0.06818254509813301
9 15 0.034254611898004446
9 18 0.1005206790884274
9 19 0.09209775218641372
9 20 0.08414529208165798
9 21 -0.164734952896508
9 22 -0.2158766933978908
9 23 0.033276699713889565
9 24 -0.030800617352383125
9 27 -0.1375479965030165
9 28 -0.0018919381231218939
9 29 0.022925601461520746
9 30 0.3611931706793555
9 31 0.4338880937401979
9 32 -0.07482124161657548
9 33 -0.08359984625524133
9 34 0.0507330812290421
9 35 -0.04435114760680607
9 36 0.12400331165014619
10 2 -0.024401894196192552
10 3 0.12463977412920896
10 4 0.05045471982194378
10 5 0.18017533928868126
10 6 -0.02278954499334399
10 7 -0.08969763017326952
10 8 -0.29944431085515527
10 9 0.14576955916551912
10 10 -0.06544598082397307
10 12 -0.3697373748809516
10 13 -0.1369230907937013
10 14 -0.3158525804859529
10 15 0.4504352443081381
10 18 -0.19736210215929084
10 19 -0.39438351990302345
10 20 -0.014834065134879273
10 21 0.08439867129939552
10 22 -0.24844933031953043
10 23 -0.12906804537017752
10 24 -0.001851496533129849
10 27 -0.10563798127809464
10 28 -0.22143370348929056
10 29 -0.08812778522743397
10 30 0.00301753432380335
10 31 -0.03329111809688366
10 32 -0.002188747628795385
10 33 -0.0816299441638888
10 34 -0.07905075777139514
10 35 0.06854787507282278
10 36 0.008585055076931629
11 2 -0.15182564082712416
11 3 0.5337220873309302
11 4 -0.27232482739242697
11 5 0.2647586169321804
11 6 -0.0048531005206392495
11 7 0.021414912154001806
11 8 0.075167492877005
11 9 -0.059649022734343624
11 10 -0.05810224500650282
11 12 0.14082944058601496
11 13 0.11761727779753756
11 14 -0.11413812848240955
11 15 -0.11103860482289116
11 18 0.14962400559789582
11 19 0.12736361269527366
11 20 0.02590596647439955
11 21 -0.0864558913641168
11 22 0.07857260721587002
11 23 0.06748224742270457
11 24 -0.02266632840071192
11 27 -0.44186081029210633
11 28 -0.3554087850159177
11 29 -0.19730051859098852
11 30 -0.019311149819902628
11 31 -0.06968925431841082
11 32 0.006201210432386102
11 33 0.034547952913926205
11 34 0.22405732355096197
11 35 -0.02423829321339111
11 36 -0.0033653513621894173
12 2 -0.050603648938727
12 3 0.08950034566882073
12 4 0.3580877464909188
12 5 0.1874155727737229
12 6 0.40672311991323346
12 7 -0.12408837207463089
12 8 0.21001564141947995
12 9 -0.42438248950941304
12 10 -0.023869084737427968
12 12 -0.09547782666683435
12 13 -0.17946060429247146
12 14 0.10725858116974202
12 15 -0.014755775424477428
12 18 -0.030474527121727626
12 19 0.04409592565896972
12 20 0.2881284680482771
12 21 -0.11869372449519973
12 22 -0.2948297135094693
12 23 0.06431543234890018
12 24 0.0337892672623711
12 27 0.05048251493034525
12 28 0.03804592754025156
12 29 -0.07914092122761521
12 30 0.13086565792435959
12 31 -0.28048907885488894
12 32 0.05977402687012966
12 33 -0.14063587093684835
12 34 0.013565891913887868
12 35 -0.21359122121906599
12 36 -0.006074876515420216
13 2 -0.6996696566441051
13 3 -0.18934048143999158
13 4 0.039647461493340065
13 5 -0.08307917811253297
13 6 -0.06424642628377954
13 7 0.010735099496573877
13 8 -0.04389454810693678
13 9 0.026904959545914806
13 10 -0.11195453141171366
13 12 -0.005582562674264921
13 13 -0.006399958141192692
13 14 -0.08504007904540276
13 15 -0.010568477653050254
13 18 0.10392490982506536
13 19 0.027390193783725952
13 20 -0.16836171711199793
13 21 -0.08349878857300576
13 22 -0.008686922825061769
13 23 -0.020220175463124997
13 24 0.01200692869564933
13 27 0.10624772014948963
13 28 -0.038194682292875086
13 29 -0.05979993559036549
13 30 0.3007778834254031
13 31 -0.35639844853186314
13 32 0.1044076379811157
13 33 0.3358118236318618
13 34 -0.04366960410746354
13 35 0.1519825563613117
13 36 -0.09649802591778534
14 2 -0.03503045426293827
14 3 0.20153971650633565
14 4 0.04382202806497172
14 5 0.014623666689922666
14 6 0.166473310020623
14 7 -0.2806076981446265
14 8 -0.662631229344155
14 9 -0.033411462044646414
14 10 0.027037917907284534
14 12 0.08667710084852087
14 13 0.022974437141141817
14 14 0.006357182323150392
14 15 -0.01339042623718413
14 18 -0.05419388868485539
14 19 0.21579791312967717
14 20 0.01105509237267439
14 21 -0.039778749455238675
14 22 0.06562278126044369
14 23 0.0173105417262863
14 24 -0.0055079495042239975
14 27 -0.09112202280469302
14 28 -0.07912261753268147
14 29 0.5600391317587708
14 30 0.061374701771133126
14 31 -0.1015187456484408
14 32 0.014523600910552915
14 33 -0.03178443514250011
14 34 -0.015323777685477605
14 35 -0.02810936946041377
14 36 -0.0022910632726861483
15 2 -0.010899134705751852
15 3 0.039708857652305085
15 4 0.12940415430565963
15 5 0.10561243435767458
15 6 0.2778868690749196
15 7 -0.03646286303293549
15 8 0.0473690249460174
15 9 0.47076828704892903
15 10 -0.07892733882285263
15 12 -0.43776634317616386
15 13 0.22214345436103006
15 14 -0.11099800761969071
15 15 -0.1013615642656874
15 18 0.00504228780452483
15 19 -0.08846669948943865
15 20 -0.015877164513832233
15 21 -0.08706926001322034
15 22 0.18638626030792066
15 23 0.41828851802861394
15 24 -0.010619978542272267
15 27 -0.21049776988267035
15 28 0.34589063824741473
15 29 0.006645405399497705
15 30 0.03992862417263332
15 31 -0.06454327146255946
15 32 0.03818439520021523
15 33 -0.01588566367875734
15 34 0.025026042925911422
15 35 -0.024137166612650775
15 36 -0.0005752864919969093
16 2 -0.16126827286320314
16 3 -0.019665066949417435
16 4 0.10395826226636902
16 5 -0.06716746796153829
16 6 -0.12217323633524536
16 7 0.030025041935389428
16 8 -0.04124936462687107
16 9 0.004427483541587613
16 10 -0.6691329552623702
16 12 0.0757010300613412
16 13 0.12000206153482794
16 14 0.17373254037154276
16 15 0.030251312164747246
16 18 -0.10136924948856557
16 19 -0.0004386645628426855
16 20 0.16413441436937806
16 21 0.0659673387843278
16 22 -0.053874374530801315
16 23 0.03961564514833468
16 24 -0.6247020686489536
16 27 -0.008242019170422317
16 28 0.001951162133437967
16 29 0.005579199641056742
16 30 0.0080971580214253
16 31 0.056936230581262216
16 32 -0.013067346168023361
16 33 -0.041685194610679405
16 34 0.008201504000590118
16 35 0.008685028169597061
16 36 -0.004053465753069613
17 2 -0.18032815658437062
17 3 -0.02144388005996786
17 4 0.1121802582881182
17 5 -0.07216630541687737
17 6 -0.12898362893158347
17 7 0.03149962722549585
17 8 -0.04318502005856583
17 9 0.004518410424244669
17 10 -0.6744908763098185
17 12 0.07271884789846664
17 13 0.11383267820720856
17 14 0.15340973077237047
17 15 0.02600209089015219
17 18 -0.08321900786639778
17 19 -0.00032358738350783174
17 20 0.09707171939614931
17 21 0.02958429793100575
17 22 -0.019164753357311038
17 23 0.011038273061444953
17 24 0.627056597958975
17 27 -0.07426595591868546
17 28 0.006013366660933533
17 29 0.012165911089949142
17 30 0.0152932481381703
17 31 0.10227622697209254
17 32 -0.022392027936949884
17 33 -0.06460898615616635
17 34 0.012579817061805307
17 35 0.01219401270389135
17 36 -0.0055956570154048375
18 2 -0.0033948256859143355
18 3 0.03779816038443215
18 4 0.010945751925460108
18 5 0.007732921831972758
18 6 0.05954679420061306
18 7 -0.12039418458937044
18 8 -0.3014676682515032
18 9 -0.010143781857375777
18 10 0.017184913094760574
18 12 0.07786942244316462
18 13 -0.026060424298397087
18 14 0.32304352803254965
18 15 -0.4008502603273663
18 18 0.41959024071336626
18 19 -0.6599683384572733
18 20 0.014454239991476195
18 21 0.0017480284927970855
18 22 -0.05398460191329953
18 23 -0.036497068076915676
18 24 -0.001419294702542376
18 27 -0.0170987442479703
18 28 -0.020118486032105136
18 29 -0.021675773435763858
18 30 -0.002673182474590639
18 31 0.0036919722352194285
18 32 -0.0009601444758514422
18 33 -0.00046039239745889566
18 34 -0.0014212007440327274
18 35 0.003497007173552637
18 36 0.0003221052048409263
19 2 -5.320575266286589e-05
19 3 0.0008434149316875984
19 4 0.008234188821694029
19 5 0.00744270130860672
19 6 0.17984297655407414
19 7 0.6982151362171634
19 8 -0.2508976158430728
19 9 -0.18384549894576413
19 10 0.022195207042973203
19 12 -0.18518002553870086
19 13 0.1650133872701585
19 14 0.03667608064152256
19 15 -0.042475914115294236
19 18 0.020368040782770554
19 19 0.04694620528916418
19 20 -0.02156581350959882
19 21 0.04182692841187177
19 22 -0.018125679938463337
19 23 -0.1977272297753952
19 24 -0.008004476713021546
19 27 -0.09723055765918295
19 28 0.11008232243686504
19 29 -0.01145555658819392
19 30 0.035842243055101794
19 31 -0.12562114378063638
19 32 -0.4845866247760483
19 33 0.013702499931415542
19 34 -0.0036647009530233537
19 35 0.0007107358711465659
19 36 -6.875834894094222e-05
20 2 -0.6245051334904632
20 3 -0.20384348860547968
20 4 -0.02635296654401723
20 5 -0.05973487519368482
20 6 -0.03318833818317882
20 7 0.005102651628590011
20 8 -0.041126282510243084
20 9 0.05649054046713636
20 10 0.04411477803588461
20 12 -0.016012950975769585
20 13 -0.006843853529503884
20 14 -0.06346872686504876
20 15 -0.01998542861317717
20 18 0.12398131147386032
20 19 0.08767024524631287
20 20 -0.011265085497431984
20 21 -0.19350813537045555
20 22 -0.3409008873181789
20 23 0.04283093453958931
20 24 0.00033588344361885057
20 27 -0.06145989552879406
20 28 0.07860889723617095
20 29 0.06484660736105814
20 30 -0.5956186787500815
20 31 -0.05538740535195492
20 32 -0.012469454701169605
20 33 -0.005630338201333634
20 34 0.0034570766595517534
20 35 -0.014889153678790448
20 36 -0.02004000122352939
21 2 -0.009736533126238317
21 3 0.02584482456242368
21 4 0.12159689727287283
21 5 0.07958889752353833
21 6 0.30585660571441375
21 7 0.09985283299919628
21 8 0.06487853206838755
21 9 0.4684391397166842
21 10 -0.06101495310873803
21 12 0.3858129407845325
21 13 -0.2994353695246169
21 14 -0.017829594960357836
21 15 0.004679098931123017
21 18 0.008159816505230691
21 19 0.0546780895995919
21 20 -0.04051287902625889
21 21 0.09296090670723416
21 22 -0.0427281668127219
21 23 -0.48216815146538317
21 24 -0.02195357264729529
21 27 -0.25831327668426085
21 28 0.2607051812052109
21 29 -0.020050934289198692
21 30 0.033933107772532736
21 31 -0.05402943947834289
21 32 0.1362137558329851
21 33 -0.04689445195436063
21 34 0.014652948252792633
21 35 -0.010463776550093975
21 36 0.001338172208319371
22 2 -0.0014862241734575953
22 3 0.006806091650760381
22 4 0.03939188764061702
22 5 0.028184134291368217
22 6 0.18860738000552962
22 7 0.28104597101396095
22 8 -0.054110958047365494
22 9 0.2456027634885808
22 10 -0.0393369282822307
22 12 0.4844000924951656
22 13 -0.4484519454732042
22 14 -0.10820325060750381
22 15 0.1259336164651687
22 18 -0.06019168235744916
22 19 -0.13488198065151283
22 20 0.058143386552669166
22 21 -0.10661302349519153
22 22 0.04477318016576521
22 23 0.47716741134137314
22 24 0.015910917259364752
22 27 0.14646556996346302
22 28 -0.12404192311428008
22 29 0.007114100393674353
22 30 -0.004819247464289232
22 31 -0.01662752326562625
22 32 -0.2250546856142705
22 33 0.022878828181352263
22 34 -0.0068257410317263895
22 35 0.0033926551010110976
22 36 -0.0004012844933544012
23 2 -0.011279768279872558
23 3 0.10888118882654928
23 4 0.031876371150867104
23 5 0.03632842338093987
23 6 0.13028931094716165
23 7 -0.27099021044458615
23 8 -0.6811775073207387
23 9 0.0023101370885280927
23 10 0.019595389424806316
23 12 0.026254731062311888
23 13 -0.0582211264916936
23 14 0.09682795807294753
23 15 -0.014655577992036062
23 18 -0.0526603916624356
23 19 0.28808821339562857
23 20 -0.03127620669621641
23 21 0.039733619112387514
23 22 0.027984535989124204
23 23 0.05164344161420575
23 24 0.009538681673628757
23 27 0.15116931362455438
23 28 0.15545241283778902
23 29 -0.514617603768281
23 30 -0.05416949786878412
23 31 0.09203794737847053
23 32 -0.010970962813987272
23 33 0.03664749384264562
23 34 0.02451410417799997
23 35 0.004961787495190986
23 36 -1.6696206739513774e-05
24 2 -0.21221877075415557
24 3 0.0647645578539994
24 4 0.049914828222435995
24 5 0.006695719708822346
24 6 0.06417678826371248
24 7 -0.032756894764904405
24 8 -0.029489032053694804
24 9 0.02774357249576221
24 10 0.2169311432804486
24 12 0.2905337715640336
24 13 0.483909489885866
24 14 0.04217399575668649
24 15 0.33700128209486246
24 18 -0.13190611368968388
24 19 -0.22379462439941727
24 20 0.33810642980720484
24 21 -0.4087473919610093
24 22 0.24826095417006844
24 23 -0.17025535331485173
24 24 0.0054483145158246826
24 27 0.09059905234846583
24 28 0.07697991127940211
24 29 -0.06060839119600423
24 30 -0.018897234143112403
24 31 -0.027270568175592116
24 32 0.00784142152548174
24 33 -0.030343873536056692
24 34 0.012407565510729055
24 35 0.028927596650537728
24 36 -0.003251506886577364
25 2 -0.5859915055848394
25 3 -0.15514497479932926
25 4 0.06476169771609724
25 5 -0.0094024801896013
25 6 0.158065773398276
25 7 -0.05771428511005043
25 8 0.032598137862703255
25 9 -0.1590823749483522
25 10 -0.06625850672826912
25 12 0.019014138057949735
25 13 -0.015116877838750408
25 14 -0.12850868594334372
25 15 0.05203558123061412
25 18 0.042538486481181914
25 19 -0.09853481596670599
25 20 -0.39861519470518625
25 21 0.15845590307213975
25 22 0.4094402233549923
25 23 -0.053736775065733454
25 24 -0.031810075284771526
25 27 0.12259265094823651
25 28 -0.06905621856025426
25 29 -0.03059427549447044
25 30 -0.03394649937094683
25 31 -0.029816516386534875
25 32 -0.02439916042932564
25 33 -0.35038149294943677
25 34 0.0919427335443391
25 35 -0.1631550122475539
25 36 0.033182201328333924
26 2 -0.08904908773939929
26 3 0.5401677129021512
26 4 0.06405726760794236
26 5 -0.32995147750150416
26 6 0.03006590528674761
26 7 0.002208347852294447
26 8 0.037352632316729154
26 9 -0.042229361074464615
26 10 0.0059299473560560775
26 12 0.17022066063404134
26 13 0.21139950700685586
26 14 -0.4763694199839935
26 15 -0.23607044695313925
26 18 -0.02069186638675436
26 19 -0.06567597307905101
26 20 -0.03847431084764679
26 21 0.06834608309813847
26 22 -0.24206987479751924
26 23 0.005179827362452136
26 24 -0.0022579896965974223
26 27 0.1569495792032625
26 28 0.1324136634949156
26 29 0.009467989598518566
26 30 0.0863417722452745
26 31 0.13748048806957025
26 32 -0.026596761896245352
26 33 -0.10977428736099493
26 34 -0.020869777429952753
26 35 0.000355993429356034
26 36 -0.2748548964561031
27 2 -0.14819934032390547
27 3 0.6552120234764032
27 4 0.14792929226594026
27 5 -0.5461534005984283
27 6 -0.05573670898448823
27 7 0.05218418221711246
27 8 0.07439268658823453
27 9 0.042714023900806745
27 10 0.00462253985654712
27 12 -0.045089606957025116
27 13 -0.03904213449564223
27 14 0.009269265693670786
27 15 -0.00685264449843026
27 18 -0.029705744252057485
27 19 -0.03260750849743049
27 20 -0.026271613425525787
27 21 0.053710902793345255
27 22 0.007010258612668976
27 23 -0.010335027104586142
27 24 0.01198499174379395
27 27 0.08589432687116463
27 28 0.040029429691441985
27 29 -0.006813748043163189
27 30 -0.05870398544848976
27 31 -0.11174318420824175
27 32 0.024994328901307126
27 33 0.08332205079663144
27 34 -0.05322114069178502
27 35 -0.013085048811549621
27 36 0.41269452533780665
28 11 0.7842497334354094
28 25 -0.6204452881652733
29 2 -0.04217585832275348
29 3 0.11373838750229662
29 4 0.6489264411571949
29 5 0.3584612795969776
29 6 -0.38819010030613416
29 7 0.0894684460309481
29 8 0.0018535145434975062
29 9 -0.029341751588953406
29 10 0.167929297141791
29 12 0.048852073179094124
29 13 -0.02896322395351438
29 14 0.03338564924725154
29 15 -0.10314493796704252
29 18 0.05184990451149167
29 19 0.08895760439121284
29 20 -0.015648822859681083
29 21 0.013644478641508827
29 22 -0.00774207314122902
29 23 0.06596224308808953
29 24 -0.007235735606568261
29 27 0.017989206242880407
29 28 0.04670093189346289
29 29 0.016706758358143173
29 30 0.004208652874076976
29 31 -0.058000367160175925
29 32 0.0031955584665463934
29 33 -0.24747169028551358
29 34 0.12294629536537956
29 35 0.3642466475647894
29 36 0.0473238768411474
30 11 0.7842497334354095
30 25 0.6204452881652732
31 2 -0.03750362946898358
31 3 0.06501285404111622
31 4 0.32587810048227495
31 5 0.1905629232462234
31 6 0.01396962277992092
31 7 0.02343044120356299
31 8 0.05839889040425127
31 9 0.18778758593480704
31 10 0.20312944393840981
31 12 0.24366947386651747
31 13 0.44982169689033447
31 14 0.31294149920929043
31 15 0.2546786762398634
31 18 0.0057630452714422355
31 19 0.007436963241533903
31 20 -0.3015914103008512
31 21 0.32444172750457034
31 22 -0.27151967412108935
31 23 0.16176221694540485
31 24 0.013504687393818495
31 27 -0.026478226633193477
31 28 -0.08890564527732615
31 29 -0.0012996424272466501
31 30 0.022133419633872595
31 31 0.00039449836479081574
31 32 -0.0071499326022143985
31 33 0.10192204128071797
31 34 -0.057980540998772714
31 35 -0.16473358885193135
31 36 -0.015872026845463467
32 16 0.6431409139535061
32 17 0.7657478467479025
33 2 -0.12302147553236163
33 3 0.37806326646855615
33 4 0.10047007881597314
33 5 -0.4554166164856117
33 6 -0.06626558620173657
33 7 0.06296963961559683
33 8 0.07895058610979018
33 9 0.11088013260666311
33 10 0.14362205680976436
33 12 -0.25197760291115145
33 13 -0.28512255122019414
33 14 0.4841961031394458
33 15 0.23312511907150574
33 18 0.005639951092095751
33 19 0.038133998379273004
33 20 0.006485488127894814
33 21 -0.017457321478515544
33 22 0.1639091884336021
33 23 0.001640916421776234
33 24 -0.0061648099410092335
33 27 -0.07756746096706249
33 28 -0.059780103499690575
33 29 0.00013772392328457956
33 30 -0.05739535802111807
33 31 -0.017815002406661888
33 32 -0.0034280938007943368
33 33 -0.05613072082076277
33 34 0.0358587076817135
33 35 0.01924240488255966
33 36 -0.3107782430521781
34 2 -0.00017174139157465684
34 3 0.0016269582771922465
34 4 0.013310742826060184
34 5 0.011230617014717626
34 6 0.20923956529202878
34 7 0.7440921706261614
34 8 -0.2598606057732946
34 9 -0.1362850882252527
34 10 0.014079117563374995
34 12 -0.06359609289176608
34 13 0.04771251946632448
34 14 0.0026400101297110535
34 15 -0.000689769471704655
34 18 -0.0012063948534550518
34 19 -0.008290625338805703
34 20 0.006501313209045375
34 21 -0.01567868606814011
34 22 0.007408656084508152
34 23 0.08533261208378184
34 24 0.004596350998042592
34 27 0.06820375112786906
34 28 -0.08668173122133022
34 29 0.010185744881532953
34 30 -0.035020295287962154
34 31 0.1283939359882807
34 32 0.5211512554690643
34 33 -0.01713095108766887
34 34 0.0046759848746054725
34 35 -0.0011481409741820768
34 36 0.00011845503604362195
35 2 -0.015437208079935255
35 3 0.04358818967728194
35 4 0.19195882407939305
35 5 0.12632938285115047
35 6 0.40247795114108215
35 7 -0.025318633488221533
35 8 0.13604476971639032
35 9 0.48354286574697686
35 10 -0.081336882454158
35 12 -0.2281958332134999
35 13 0.12365862165510988
35 14 0.042272608198659335
35 15 -0.23634909720615765
35 18 0.07488795394362603
35 19 0.1731870754919465
35 20 0.10034155493697627
35 21 -0.06827394996607383
35 22 0.006097759408330629
35 23 -0.20773978539513255
35 24 0.015019821023935278
35 27 0.3522352227636988
35 28 -0.4033507845507207
35 29 0.01536396750378521
35 30 -0.05591517260251597
35 31 0.08044390008521035
35 32 -0.07984167951394437
35 33 0.0029837362983967976
35 34 -0.003813816980162788
35 35 0.04149793418436841
35 36 0.002976614592256103
36 2 -0.14900157171184858
36 3 0.12419826754625918
36 4 0.30152949676693985
36 5 0.12358895649774987
36 6 0.5469944980449654
36 7 -0.16578066594462187
36 8 0.1926430040598991
36 9 -0.4268633052395382
36 10 -0.06209828721121217
36 12 0.00025365664207426235
36 13 -0.07124983343888162
36 14 -0.014868659444276736
36 15 0.09502899526008893
36 18 -0.03578554793318199
36 19 -0.0830827295647131
36 20 -0.10718518207762862
36 21 0.056645974039332185
36 22 0.12629421927490095
36 23 -0.005970735752491777
36 24 -0.020762050955180578
36 27 -0.12578017477854325
36 28 0.044862321529647045
36 29 0.06272832547035602
36 30 -0.12091467203852314
36 31 0.3004845776121775
36 32 -0.049148681334541124
36 33 0.2776174878481206
36 34 -0.06490084519056238
36 35 0.20552300630371523
36 36 -0.00829340869924272
37 2 -0.07332541191508977
37 3 0.11366234145954718
37 4 0.5567363148013268
37 5 0.27550962047338823
37 6 -0.4777187694637039
37 7 0.09947466222501258
37 8 -0.08792825221758553
37 9 0.017891521275726026
37 10 -0.006916187140123558
37 12 -0.07517167158071875
37 13 -0.16847931769525307
37 14 -0.17884504452882277
37 15 -0.1184611581316242
37 18 0.003792502735509569
37 19 -0.028712074314534364
37 20 0.06306789780909901
37 21 -0.12394761457893864
37 22 0.2184114557471367
37 23 -0.11819070996231529
37 24 -0.013110665130979166
37 27 -0.011998914628821722
37 28 0.00260876085314462
37 29 0.012248867012988891
37 30 -0.05212500461745755
37 31 0.1282174461674238
37 32 -0.016789697440148597
37 33 0.23362141951802307
37 34 -0.09852206792338214
37 35 -0.31717049380307005
37 36 -0.05415731941194069
38 2 -0.22159204599187624
38 3 -0.007902291318439048
38 4 -0.09771099182977182
38 5 0.0864060439979317
38 6 -0.01578599214841273
38 7 0.013639451126253213
38 8 0.017832253898663934
38 9 0.025091720116782606
38 10 0.1376091041028983
38 12 -0.00015483140037256157
38 13 -0.0377574525733566
38 14 0.19463759345707332
38 15 -0.40286514411523255
38 18 -0.795979233586661
38 19 -0.16919390631513914
38 20 -0.1387010662987558
38 21 -0.053382213473742036
38 22 -0.059410263024736086
38 23 -0.023007184082049624
38 24 0.0030206315347924544
38 27 -0.026479328801022623
38 28 -0.034279891868505906
38 29 0.003508802513204029
38 30 -0.016137847225319628
38 31 -0.01005436523349837
38 32 0.0007734321560887599
38 33 0.050017676674073815
38 34 0.13686928589348113
38 35 -0.004615404030268133
38 36 -0.00447912469765529
39 2 -0.3182373274845458
39 3 0.3646934869165579
39 4 -0.41092374769386686
39 5 0.481046265011037
39 6 -0.06829998346801601
39 7 0.05575533610357693
39 8 0.1007383938044467
39 9 0.002015708108465807
39 10 -0.008027491880311531
39 12 0.0039827551336491275
39 13 -0.04737141651571972
39 14 0.16314604579666656
39 15 -0.07683126136265299
39 18 -0.024004104499364826
39 19 0.06381767076318186
39 20 -0.004719503416782163
39 21 -0.003952909492217951
39 22 0.06026079460351412
39 23 0.026858693676073325
39 24 0.00256132784367037
39 27 0.04725025847599755
39 28 0.07559541917006939
39 29 -0.0032900055255765813
39 30 0.008780189386095684
39 31 0.0005304845499794097
39 32 0.004553077438672593
39 33 -0.1328065233670509
39 34 -0.5253484298037829
39 35 0.04392379129665515
39 36 -0.005462206494463216
40 2 -0.13561700079478559
40 3 0.38292776515029026
40 4 -0.3597258685826221
40 5 0.48334920258942476
40 6 -0.07217933349777061
40 7 0.03993127497788831
40 8 0.05028013659443534
40 9 0.022350110609181177
40 10 -0.10006578132072377
40 12 -0.11117163042976186
40 13 -0.10208612836775885
40 14 0.0845182694419349
40 15 0.20792755864884832
40 18 0.10372699475469657
40 19 -0.05941126300505286
40 20 -0.0157432662354816
40 21 0.06804349686883511
40 22 -0.06676953133226245
40 23 -0.056938814567839016
40 24 0.01874708241458117
40 27 0.33618866696277455
40 28 0.24692747682039234
40 29 0.16329214345326687
40 30 0.0005442824153897255
40 31 0.0490928436528557
40 32 -0.0071746809802581656
40 33 0.12047435488843836
40 34 0.36450562634232475
40 35 -0.034854402116053264
40 36 0.0028780184181496724
